[H[2JChiliLinux Base Live ISO (\l) - \s-\r \m

              [92mWelcome to ChiliLinux[0m

          [?25l[0m [38;2;0;0;0m   [0m [38;2;181;142;55m▅[38;2;223;162;35m▇[38;2;231;161;36m▇[38;2;231;164;31m▇[38;2;236;165;36m▇[38;2;239;170;29;48;2;147;110;19m▇[38;2;243;173;28;48;2;226;170;27m▇[38;2;245;174;26;48;2;243;181;23m▅[38;2;246;175;24;48;2;244;182;19m▅[38;2;249;177;13;48;2;248;183;29m▆[38;2;252;177;13;48;2;248;180;22m▖[38;2;248;178;25;48;2;248;182;16m▖[38;2;253;181;16;48;2;253;182;8m▗[38;2;243;181;17;48;2;137;103;15m▇[0m[38;2;200;161;39m▃[0m [38;2;0;0;0m                   [0m
           [38;2;0;0;0m  [0m [7m[38;2;188;140;78m▘[0m[38;2;224;156;70;48;2;224;157;50m▘[38;2;122;95;45;48;2;211;154;55m▁[0m[7m[38;2;217;162;67m▅[38;2;216;171;67m▅[38;2;220;172;72m▅[38;2;221;174;66m▅[38;2;222;176;65m▅[38;2;224;178;64m▅[38;2;225;179;63m▅[38;2;227;179;66m▅[38;2;227;180;68m▅[38;2;228;183;58m▅[38;2;206;162;50m▃[0m[38;2;246;179;23;48;2;238;176;30m┊[38;2;251;177;19;48;2;241;178;43m▋[0m[7m[38;2;169;137;54m▝[0m [38;2;0;0;0m                  [0m
           [38;2;0;0;0m [0m [7m[38;2;191;140;93m▘[0m[38;2;208;140;80;48;2;215;149;66m▃[0m[7m[38;2;201;147;79m▗[0m[38;2;101;80;49m▘           [38;2;209;164;78m▝[38;2;176;139;63;48;2;217;166;66m▏[38;2;194;149;41;48;2;213;166;50m▃[0m[7m[38;2;156;129;58m▝[0m [38;2;51;43;21m                 [0m
           [38;2;116;88;84m▗[38;2;174;121;102;48;2;119;94;78m▇[38;2;190;129;104;48;2;197;134;94m▃[0m[7m[38;2;181;132;96m▗[0m [38;2;7;6;5m  [38;2;156;118;82m▗[38;2;207;143;81m▆[38;2;211;150;76m▇[38;2;217;151;66m▇[38;2;221;153;60m▇[38;2;221;156;59m▇[38;2;223;158;62m▇[38;2;226;161;53m▇[38;2;225;165;46m▇[38;2;228;166;51m▇[38;2;234;166;45m▇[38;2;238;169;29;48;2;231;168;39m╴[38;2;237;171;33;48;2;204;156;24m▇[38;2;240;171;34;48;2;192;150;31m▇[38;2;241;173;36;48;2;125;101;41m▇[0m[38;2;239;175;30m▇[38;2;241;176;28m▇[38;2;243;177;28m▇[38;2;245;179;27m▇[38;2;246;180;24m▇[38;2;246;181;21m▇[38;2;246;185;13m▇[38;2;247;183;17m▇[38;2;249;183;18m▇[38;2;249;184;15m▇[38;2;249;184;17m▇[38;2;248;185;21m▇[38;2;173;143;40m▌    [0m
          [38;2;121;91;108m▗[38;2;118;89;105;48;2;163;114;134m▏[38;2;175;112;132;48;2;186;117;119m▄[0m[7m[38;2;155;110;107m▗[0m [38;2;0;0;0m  [38;2;171;129;102m▗[38;2;192;136;100;48;2;181;128;94m┈[38;2;190;135;104;48;2;209;137;80m▄[0m[7m[38;2;187;133;83m▗[38;2;200;147;87m▄[38;2;180;136;80m▄[38;2;184;142;80m▄[38;2;176;133;70m▄[38;2;197;144;59m▅[38;2;197;145;53m▅[38;2;199;147;52m▅[38;2;202;148;56m▅[38;2;208;155;54m▅[38;2;216;157;49m▅[0m[38;2;90;75;41;48;2;184;139;46m▁[38;2;170;133;25;48;2;235;170;29m▅[38;2;170;127;35;48;2;224;167;39m▄[0m[7m[38;2;220;164;39m▅[38;2;196;151;46m▄[38;2;225;169;39m▅[38;2;198;154;45m▄[38;2;197;153;44m▄[38;2;222;165;42m▅[38;2;230;165;44m▅[0m[38;2;137;115;50;48;2;229;172;40m╴[38;2;241;185;11;48;2;250;182;4m╾[38;2;246;183;14;48;2;246;179;21m╴[0m[38;2;235;187;36m▘[0m [38;2;0;0;0m    [0m
          [7m[38;2;132;91;128m▎[0m[38;2;154;97;159;48;2;160;102;152m▄[38;2;159;105;147;48;2;125;89;112m▉[0m[38;2;84;61;81m▖ [0m [38;2;161;116;130m▗[38;2;181;126;128;48;2;176;118;116m╴[38;2;175;121;122;48;2;187;124;108m▂[0m[7m[38;2;133;99;87m▗[0m [38;2;0;0;0m          [0m [7m[38;2;151;125;44m▖[0m[38;2;162;126;30;48;2;170;121;38m▆[38;2;155;119;42;48;2;96;75;39m▇[0m[38;2;103;83;43m▖   [0m [7m[38;2;189;145;50m▘[0m[38;2;240;180;31;48;2;243;175;28m╴[38;2;251;177;17;48;2;238;174;27m╴[0m[38;2;214;165;47m▘[0m [38;2;0;0;0m     [0m
           [7m[38;2;130;88;145m▖[0m[38;2;139;87;173;48;2;152;89;171m▃[38;2;139;93;160;48;2;102;75;116m▉[0m[38;2;107;76;122m▂[38;2;150;100;152m▗[38;2;164;104;153;48;2;164;103;149m╴[38;2;169;107;148;48;2;162;106;136m╴[0m[38;2;158;113;125m▘[0m [38;2;0;0;0m [0m [38;2;134;97;96m▅[38;2;185;125;115m▆[38;2;190;130;106m▆[38;2;191;133;98m▆[38;2;195;136;94m▆[38;2;199;138;89m▆[38;2;203;141;86m▆[38;2;204;143;81m▆[38;2;205;147;75m▆[38;2;208;151;67m▆[38;2;215;152;64;48;2;127;100;59m▆[38;2;221;151;66;48;2;185;136;47m▆[38;2;223;155;56;48;2;190;137;46m▆[38;2;225;158;52;48;2;204;151;59m╴[0m[38;2;222;160;59m▆[38;2;231;158;54m▆[38;2;231;162;47m▆[38;2;228;163;51;48;2;133;103;50m▇[38;2;230;165;47;48;2;237;170;31m▖[38;2;228;169;39;48;2;179;133;43m▉[0m[38;2;176;132;50m▘       [0m
            [7m[38;2;104;73;142m▖[0m[38;2;122;77;184;48;2;134;82;185m▁[38;2;137;77;187;48;2;143;88;170m▄[38;2;140;83;182;48;2;149;90;167m▄[38;2;142;87;171;48;2;144;90;163m╴[0m[38;2;134;96;141m▘  [0m [7m[38;2;132;94;118m▘[0m[38;2;168;106;138;48;2;170;117;132m▃[38;2;117;82;98;48;2;173;116;127m▁[0m[7m[38;2;167;117;117m▃[38;2;165;113;103m▄[38;2;176;110;99m▖[38;2;172;118;91m▄[38;2;174;121;88m▄[38;2;180;122;86m▄[38;2;182;125;80m▄[38;2;182;129;76m▄[38;2;185;132;74m▄[38;2;188;134;68m▄[38;2;180;130;65m▖[0m[38;2;175;128;48;48;2;212;153;59m▄[38;2;186;133;55;48;2;217;153;59m▄[0m[7m[38;2;204;147;68m▗[38;2;197;145;52m▄[38;2;201;146;49m▄[38;2;197;144;57m▄[0m [38;2;101;80;32m        [0m
           [38;2;0;0;0m [0m [7m[38;2;107;65;194m▏[0m[38;2;118;65;218;48;2;129;71;202m▅[38;2;118;68;221;48;2;130;76;196m▄[0m[38;2;119;78;187m▋  [0m [7m[38;2;130;88;149m▘[0m[38;2;153;90;173;48;2;158;99;157m▅[38;2;147;93;146;48;2;100;70;93m▉[0m[38;2;118;86;106m▘  [0m [7m[38;2;158;23;30m▄[0m[38;2;218;22;29m▆[38;2;215;17;21m▄[38;2;192;24;31m▂[0m [38;2;0;0;0m  [0m [38;2;171;138;81m▝[38;2;186;148;81;48;2;187;141;78m╴[38;2;202;144;95;48;2;191;140;90m╴[0m[38;2;191;145;89m▖           [0m
            [7m[38;2;90;48;228m▘[0m[38;2;98;47;242;48;2;102;54;230m▆[38;2;76;46;154;48;2;106;57;227m▁[38;2;87;64;161;48;2;99;61;206m▂[38;2;73;51;170;48;2;89;60;188m▂[0m[7m[38;2;54;42;114m▝[0m[38;2;73;51;119m▁[7m[38;2;122;70;190m▘[0m[38;2;132;72;203;48;2;137;78;187m▄[38;2;132;82;166;48;2;99;64;106m▉[0m[38;2;81;58;93m▘[0m     [7m[38;2;119;18;16m▇[38;2;229;24;23m▖[0m[38;2;247;5;3;48;2;243;6;6m┈[0m[38;2;238;8;7m▇[38;2;230;11;12m▅[38;2;204;24;26m▃[38;2;128;12;12m▁[0m [38;2;183;138;99m▝[38;2;187;134;91;48;2;203;128;84m╴[38;2;222;89;63;48;2;201;137;89m▁[0m[7m[38;2;144;96;66m▝[0m          [0m
          [38;2;70;49;143m▗[38;2;87;48;210;48;2;65;43;134m▇[38;2;91;41;251;48;2;90;40;247m┓[0m[7m[38;2;89;46;234m▗[0m [38;2;75;62;133m▝[38;2;52;42;129;48;2;54;44;123m┊[38;2;74;46;197;48;2;52;35;139m▗[38;2;98;67;191;48;2;101;56;227m▘[38;2;112;50;235;48;2;112;61;222m▅[0m[7m[38;2;110;60;192m▗[38;2;179;34;51m▖[0m[38;2;246;4;2;48;2;218;14;19m▇[38;2;217;39;38;48;2;241;4;10m▁[38;2;221;21;22;48;2;240;5;7m▁[38;2;244;5;3;48;2;220;15;14m▇[38;2;248;3;1;48;2;218;15;14m▇[38;2;244;6;3;48;2;217;14;15m▇[38;2;245;4;4;48;2;221;14;19m▇[38;2;229;15;11;48;2;243;4;3m▁[38;2;235;5;8;48;2;247;4;2m▂[38;2;239;5;4;48;2;247;3;1m▃[38;2;241;5;7;48;2;247;3;3m▁[38;2;234;8;8;48;2;247;3;2m▂[38;2;247;3;1;48;2;230;15;12m▇[38;2;246;5;6;48;2;218;16;12m▇[38;2;246;4;4;48;2;221;15;9m▇[38;2;245;4;2;48;2;226;13;2m▇[38;2;232;7;11;48;2;245;5;4m▂[38;2;245;4;5;48;2;225;14;6m▇[38;2;246;4;3;48;2;219;15;7m▇[38;2;242;5;5;48;2;208;20;17m▇[38;2;245;4;3;48;2;218;17;14m▇[38;2;244;4;5;48;2;217;16;16m▇[38;2;248;4;3;48;2;217;15;15m▇[38;2;242;5;5;48;2;218;19;18m▇[38;2;246;3;4;48;2;216;17;17m▇[38;2;246;4;4;48;2;218;15;10m▇[38;2;243;5;3;48;2;214;17;14m▇[38;2;252;0;0;48;2;218;13;13m▇[0m
          [7m[38;2;77;39;201m▎[0m[38;2;83;35;232;48;2;87;38;238m▄[38;2;78;39;202;48;2;86;39;230m╶[0m[38;2;60;39;127m▎  [7m[38;2;55;43;121m▌[0m[38;2;66;43;182;48;2;83;47;230m▎[38;2;88;43;244;48;2;92;40;251m▍[38;2;94;42;246;48;2;69;38;167m▉[0m [7m[38;2;208;12;21m▌[38;2;162;27;30m▗[0m[38;2;188;12;10m▅[38;2;150;7;6;48;2;214;24;24m▏[0m[7m[38;2;198;74;71m▆[0m[38;2;150;75;71;48;2;214;17;21m▁[0m[7m[38;2;204;79;74m▆[0m[38;2;220;14;19m▊[7m[38;2;211;13;13m▍[0m[38;2;201;18;21m▎[38;2;175;20;16;48;2;240;4;4m▎[0m[38;2;227;10;15m▊[7m[38;2;208;12;8m▋[0m[38;2;251;0;1;48;2;248;4;4m▆[0m[38;2;217;11;13m▌[7m[38;2;231;22;27m▏[0m[38;2;244;4;5;48;2;226;16;8m▊[0m[7m[38;2;134;35;34m┏[0m[38;2;215;19;21m▊[38;2;192;20;21m▝[38;2;208;30;39m▋[7m[38;2;223;27;27m▎[0m[38;2;188;65;63m▍[38;2;167;15;14;48;2;224;14;18m▏[0m[7m[38;2;179;68;63m▆[38;2;208;24;26m▝[38;2;180;19;28m▄[0m[38;2;231;6;10m▗[38;2;243;4;2;48;2;252;0;0m▏[0m
           [7m[38;2;81;40;220m▖[0m[38;2;80;35;226;48;2;82;36;229m┓[0m[7m[38;2;81;38;221m▝[0m[38;2;46;27;101m▖[38;2;44;37;111m▗[38;2;41;35;104;48;2;55;44;103m▇[38;2;68;37;181;48;2;42;31;111m▝[38;2;124;99;211;48;2;84;43;230m▁[38;2;89;38;242;48;2;90;39;246m▁[0m[7m[38;2;81;43;219m▝[38;2;178;27;65m▘[0m[38;2;169;26;16m▖[38;2;106;14;20;48;2;211;17;25m▏[38;2;224;82;60;48;2;234;10;4m▁[0m[38;2;152;12;9m▏[38;2;213;19;11m▅[7m[38;2;153;18;20m▉[0m[38;2;215;17;16m▊[7m[38;2;207;12;11m▍[0m[38;2;200;12;18m▎[38;2;124;21;16;48;2;231;20;19m▎[0m[38;2;220;15;23m▊[7m[38;2;204;12;7m▋[0m[38;2;251;5;0;48;2;250;2;1m╴[0m[38;2;213;9;19m▌[7m[38;2;219;26;29m▎[0m[38;2;222;63;53;48;2;230;11;5m▁[0m[7m[38;2;100;21;19m┃[0m[38;2;206;20;18m▊[7m[38;2;197;31;33m▍[0m[38;2;178;74;65m▍[7m[38;2;225;23;30m▎[0m[38;2;208;61;62m▍[38;2;129;51;43;48;2;209;19;22m▁[0m[7m[38;2;189;9;14m▉[38;2;216;20;25m▗[0m[38;2;170;14;21m▂[7m[38;2;176;7;11m▍[0m[38;2;245;3;4;48;2;252;1;0m▏[0m
            [7m[38;2;75;40;202m▖[0m[38;2;71;35;213;48;2;77;33;229m▃[38;2;66;35;193;48;2;75;49;163m▇[38;2;53;35;160;48;2;51;39;131m▅[38;2;50;36;151;48;2;48;36;140m╴[0m[7m[38;2;39;34;85m▗[38;2;74;58;126m▇[38;2;83;40;215m▖[0m[38;2;90;36;241;48;2;77;45;241m▅[38;2;224;9;44;48;2;114;35;198m▝[38;2;138;27;125;48;2;174;11;17m▖[0m[38;2;213;18;9m━[7m[38;2;188;26;31m▃[38;2;161;13;14m▂[38;2;233;11;8m▃[38;2;162;13;13m▂[38;2;212;11;11m▃[38;2;198;11;9m▃[38;2;186;22;23m▃[0m[38;2;210;17;13m━[7m[38;2;218;37;36m▃[38;2;196;17;15m▃[38;2;244;4;6m▃[38;2;207;21;17m▃[0m[38;2;172;38;85m▆[38;2;161;64;165;48;2;206;27;31m▃[38;2;187;40;78;48;2;121;35;28m▆[0m[7m[38;2;221;19;21m▃[38;2;205;10;12m▃[38;2;208;18;17m▃[38;2;223;12;16m▃[38;2;194;17;15m▃[0m[38;2;214;17;16m━[7m[38;2;200;11;15m▃[38;2;207;36;37m▃[38;2;231;7;13m▃[38;2;163;21;16m▂[38;2;243;4;3m▃[0m
           [38;2;0;0;0m [0m [38;2;41;26;101;48;2;64;34;206m▎[38;2;65;36;211;48;2;62;38;187m▎[38;2;64;38;201;48;2;60;38;180m▖[0m[38;2;69;50;166m▋  [0m [7m[38;2;76;43;188m▖[0m[38;2;82;36;218;48;2;82;36;233m▖[38;2;82;39;222;48;2;51;27;147m▇[0m[38;2;68;32;171m▖          [0m [7m[38;2;63;41;126m▘[0m[38;2;87;69;197;48;2;99;69;199m╴[38;2;117;74;204;48;2;118;71;191m╴[0m[38;2;126;81;169m▘           [0m
            [7m[38;2;60;31;161m▘[0m[38;2;63;26;202;48;2;64;24;214m╲[38;2;61;26;200;48;2;69;36;200m╴[38;2;68;32;207;48;2;66;31;204m╴[38;2;67;26;221;48;2;66;28;209m┈[0m[38;2;66;32;190m▖  [0m [7m[38;2;66;37;167m▖[0m[38;2;78;41;206;48;2;79;33;229m▖[38;2;77;28;239;48;2;78;35;221m╴[0m[38;2;76;35;208m▅[38;2;82;43;209m▅[38;2;84;45;210m▅[38;2;85;45;211m▅[38;2;86;47;213m▅[38;2;87;47;216m▅[38;2;88;47;221m▅[38;2;89;47;224m▅[38;2;89;48;225m▅[38;2;88;48;219m▅[38;2;89;48;225m▅[38;2;88;43;242;48;2;72;39;212m▅[38;2;92;46;240;48;2;73;42;208m▅[0m[7m[38;2;95;53;223m▝[0m[38;2;97;57;208m▅[38;2;106;62;213m▅[38;2;102;64;198m▄[38;2;83;60;143m▖        [0m
           [7m[38;2;53;21;165m▘[0m[38;2;57;20;178;48;2;59;19;192m▗[38;2;38;21;98;48;2;58;22;184m▁[0m[38;2;49;28;121m▘[38;2;66;30;189m▝[38;2;64;35;161;48;2;65;24;204m▖[38;2;63;22;203;48;2;65;26;203m╴[0m[7m[38;2;45;24;119m▝[0m [38;2;0;0;0m [0m [7m[38;2;64;38;165m▄[38;2;77;39;212m▂[38;2;81;38;220m▂[38;2;84;38;224m▂[38;2;85;40;226m▂[38;2;86;40;226m▂[38;2;87;41;227m▂[38;2;88;42;229m▂[38;2;89;43;231m▂[38;2;90;44;234m▂[38;2;92;44;241m▂[0m[38;2;72;42;203;48;2;88;39;243m▂[38;2;73;42;210;48;2;88;39;248m▂[38;2;47;32;117;48;2;87;42;233m▁[0m[7m[38;2;95;47;241m▂[38;2;96;47;240m▂[38;2;100;49;238m▂[0m[38;2;63;44;124;48;2;100;47;240m▂[38;2;99;49;236;48;2;108;55;229m▆[38;2;100;53;229;48;2;79;46;171m▉[0m[38;2;97;63;190m▖       [0m
          [7m[38;2;51;21;145m▎[0m[38;2;56;15;182;48;2;50;12;170m▝[38;2;52;15;179;48;2;47;23;135m▉[0m[38;2;36;22;84m▘ [0m [38;2;62;33;163m▝[38;2;58;27;165;48;2;60;24;185m╴[38;2;66;28;183;48;2;60;18;203m▝[0m[7m[38;2;51;25;138m▝[0m [38;2;0;0;0m          [0m [7m[38;2;62;43;176m▘[0m[38;2;65;43;197;48;2;65;39;213m▘[38;2;47;35;103;48;2;64;44;179m▁[0m[38;2;50;37;122m▘   [0m [7m[38;2;69;41;164m▖[0m[38;2;93;42;248;48;2;93;43;244m┊[38;2;93;43;251;48;2;91;44;237m┈[0m[38;2;88;48;230m▖[0m [38;2;0;0;0m     [0m
          [38;2;45;24;116m▝[38;2;47;27;117;48;2;50;19;156m▏[38;2;48;12;176;48;2;45;8;169m┗[0m[7m[38;2;45;16;151m▝[0m [38;2;16;8;44m  [38;2;46;26;129m▝[38;2;48;25;139;48;2;57;23;181m▏[38;2;56;15;195;48;2;59;25;172m▅[0m[7m[38;2;53;18;176m▝[0m[38;2;57;20;180m▄[38;2;58;22;175m▄[38;2;59;24;174m▄[38;2;61;26;173m▄[38;2;62;27;178m▄[38;2;63;28;180m▄[38;2;65;29;183m▄[38;2;65;29;185m▄[38;2;66;31;187m▄[38;2;68;31;194m▄[38;2;41;27;93;48;2;71;34;204m▘[38;2;72;33;220;48;2;68;38;212m▇[38;2;75;39;203;48;2;74;40;209m┈[0m[7m[38;2;70;40;172m▝[0m[38;2;75;36;201m▄[38;2;77;37;209m▄[38;2;78;37;215m▄[38;2;78;39;209m▄[38;2;77;42;211m▄[38;2;80;40;216m▄[38;2;62;39;123;48;2;90;44;230m▘[38;2;88;39;247;48;2;88;41;242m▊[38;2;90;47;248;48;2;86;43;239m┊[0m[7m[38;2;65;40;156m▝[0m [38;2;0;0;0m    [0m
           [38;2;37;21;89m▝[38;2;44;12;141;48;2;47;20;132m┊[38;2;45;7;169;48;2;41;5;161m┗[0m[7m[38;2;44;12;153m▝[0m [38;2;22;9;65m  [38;2;40;26;98m▝[7m[38;2;54;22;161m▂[38;2;64;31;178m▁[38;2;65;31;182m▁[38;2;65;32;181m▁[38;2;66;32;184m▁[38;2;68;33;189m▁[38;2;70;34;190m▁[38;2;72;36;195m▁[38;2;74;37;200m▁[38;2;73;36;201m▁[0m[38;2;65;25;201;48;2;68;31;196m┊[38;2;52;28;158;48;2;68;26;209m▂[38;2;52;27;163;48;2;69;28;208m▂[0m[7m[38;2;75;37;205m▁[38;2;77;38;209m▁[38;2;83;42;215m▁[38;2;84;43;221m▁[38;2;85;43;221m▁[38;2;86;45;220m▁[38;2;87;46;223m▁[38;2;89;46;225m▁[38;2;90;47;231m▁[38;2;91;49;226m▁[38;2;93;51;233m▁[38;2;95;51;239m▁[38;2;96;54;238m▁[0m[38;2;81;57;169m▌    [0m
           [38;2;0;0;0m [0m [7m[38;2;43;15;141m▖[0m[38;2;36;4;149;48;2;36;4;151m┊[38;2;37;10;138;48;2;24;9;79m▇[0m[38;2;34;17;92m▖           [38;2;55;29;153m▗[38;2;44;25;127;48;2;53;32;159m▏[38;2;57;29;180;48;2;47;36;134m▖[0m[7m[38;2;46;41;104m▗[0m [38;2;0;0;0m                 [0m
           [38;2;0;0;0m  [0m [7m[38;2;36;16;127m▖[0m[38;2;35;4;139;48;2;34;3;148m▁[38;2;34;5;138;48;2;23;7;78m▇[0m[38;2;33;6;128m▄[38;2;34;6;123m▃[38;2;36;6;135m▃[38;2;36;8;138m▃[38;2;37;9;139m▃[38;2;39;11;141m▃[38;2;40;12;142m▃[38;2;42;13;145m▃[38;2;45;15;140m▃[38;2;47;16;144m▃[38;2;51;15;165m▃[38;2;54;15;183;48;2;57;27;157m▇[38;2;53;24;159;48;2;55;17;184m▁[0m[7m[38;2;53;26;153m▅[0m[38;2;16;8;42m                   [0m
           [38;2;0;0;0m   [0m [7m[38;2;34;18;95m▖[38;2;33;6;128m▁[38;2;31;2;131m▁[38;2;31;1;139m▁[38;2;32;3;133m▁[38;2;34;2;141m▁[38;2;37;4;144m▁[38;2;37;5;145m▁[38;2;39;6;147m▁[38;2;41;7;153m▁[38;2;42;9;149m▁[38;2;43;9;158m▁[38;2;46;11;163m▁[38;2;46;14;154m▁[0m[38;2;51;24;147m▘[0m [38;2;0;0;0m                   [0m
          [?25h
[?12l[?25h
